C:\Users\P.S.Abhiram\anaconda3\python.exe "E:/ML Asst 2/svmDual.py"
0.02


0.6254071661237786


0.5


0.6254071661237786


1


0.6254071661237786


10


0.6254071661237786


0.02


0.6119565217391305


0.5


0.6119565217391305


1


0.6119565217391305


10


0.6119565217391305


0.02


0.5869565217391304


0.5


0.5869565217391304


1


0.5869565217391304


10


0.5869565217391304


0.02


0.5956521739130435


0.5


0.5956521739130435


1


0.5956521739130435


10


0.5956521739130435


0.02


0.6097826086956522


0.5


0.6097826086956522


1


0.6097826086956522


10


0.6097826086956522


8250.996661186218

Process finished with exit code 0
